
375	394	724	246	928	376	507	901	941	468
979	237	491	331	886	86	336	290	821	407
156	864	304	751	653	854	2	704	495	120
479	189	950	656	624	23	417	827	405	157
816	569	496	633	827	110	477	434	524	362
930	591	801	175	215	745	747	338	520	534
685	166	38	982	37	575	847	340	774	947
120	774	634	176	434	20	434	868	594	341
484	939	341	565	74	525	965	315	533	912
606	327	887	420	416	550	593	888	370	182
857	428	813	259	46	858	131	29	983	805
65	751	680	797	885	812	612	348	52	714
243	121	184	270	968	103	174	633	187	2
512	158	315	510	381	290	708	711	318	377
156	383	986	877	626	733	776	185	594	782
861	203	977	80	281	906	592	270	251	406
130	473	354	818	144	712	49	911	235	318
335	966	608	852	722	428	665	474	13	196
980	944	801	855	334	566	286	768	411	569
413	253	745	24	928	864	575	559	374	211
139	829	431	257	441	430	318	768	870	705
674	567	300	588	536	723	336	412	351	224
417	93	502	685	948	699	403	74	104	8
287	46	866	828	41	21	204	258	154	190
456	847	591	77	904	791	733	221	981	507
188	63	592	693	850	537	232	397	398	589
359	217	247	53	837	128	703	260	534	476
891	627	989	607	98	485	517	427	147	653
44	51	301	643	966	110	66	216	961	852
704	738	935	507	484	160	368	6	491	393
218	429	841	89	515	242	613	447	424	433
269	624	778	976	629	535	987	952	722	212
363	868	373	605	345	588	549	325	447	928
203	421	898	645	368	495	889	266	247	820
587	155	476	793	746	287	510	987	961	131
605	673	783	921	808	963	267	992	650	608
128	549	846	893	184	304	166	475	970	511
77	683	378	735	976	129	846	97	925	97
329	348	21	84	841	437	940	212	271	870
694	852	362	1	117	52	682	981	346	988
170	12	419	303	469	11	888	496	767	932
638	816	322	206	129	472	696	470	939	583
45	937	918	55	576	312	925	198	292	725
651	610	433	908	986	385	720	34	766	313
309	924	642	153	540	837	429	821	910	760
885	960	171	794	444	552	785	640	273	874
807	11	204	565	271	228	851	222	992	576
372	633	786	542	668	848	930	622	152	52
587	814	983	269	190	961	101	705	780	484
994	646	577	931	714	163	785	454	861	318
137	907	942	432	579	211	636	837	828	577
50	121	364	71	637	466	502	639	435	497
763	2	707	618	82	451	59	563	13	994
748	831	807	309	526	227	283	474	547	836
132	181	692	277	793	40	935	867	446	773
486	696	614	745	458	813	650	611	543	347
109	174	532	567	507	395	6	999	859	9
170	721	755	29	106	548	213	192	197	14
527	334	95	86	520	237	633	95	500	75
850	661	681	791	653	863	569	913	503	746
502	701	170	454	196	323	89	928	572	185
536	766	130	996	237	763	872	2	512	407
151	255	146	347	728	671	851	971	558	580
240	168	809	694	661	64	859	367	431	712
489	666	162	245	690	782	826	184	761	651
142	850	723	729	69	79	756	709	982	246
512	969	443	420	869	714	385	430	851	483
687	279	162	945	304	599	854	342	630	972
840	993	122	919	447	615	116	499	689	982
845	739	322	488	940	975	242	234	679	918
266	184	184	454	340	629	231	407	258	396
118	786	31	480	155	18	129	563	793	44
901	640	736	859	147	280	845	711	658	656
476	109	671	279	936	834	238	121	222	857
242	976	721	275	187	911	258	694	509	359
687	700	694	647	622	608	726	619	289	316
53	949	707	91	443	742	49	15	828	409
70	841	540	911	16	725	309	228	731	142
694	557	559	251	198	649	656	472	577	603
892	912	484	294	225	107	737	242	227	648
357	597	262	265	962	197	666	692	692	781
101	313	562	275	147	678	675	683	159	345
509	953	456	65	143	792	94	47	14	270
116	400	805	810	205	928	148	865	458	794
51	235	737	332	853	405	35	92	490	635
658	732	953	228	303	528	664	255	585	405
267	812	421	524	692	681	101	522	610	863
133	634	850	996	684	164	221	429	293	32
611	604	72	85	927	275	738	679	148	820
214	164	354	425	665	175	420	484	64	963
275	902	767	883	574	529	586	905	15	124
64	670	933	397	798	894	710	461	614	210
108	111	139	932	605	679	723	594	610	922
367	764	154	645	353	376	81	598	582	899
724	629	897	214	895	293	42	449	936	934
185	242	772	900	616	457	445	927	103	348
585	700	333	259	318	60	2	882	955	12
719	605	91	924	323	108	92	131	649	204
37	792	243	456	227	562	525	950	838	287
989	45	826	854	678	163	108	448	173	468
316	454	920	495	841	407	391	823	653	310
44	51	981	265	649	690	675	577	81	516
972	154	410	924	990	969	268	404	543	855
723	960	810	513	451	992	86	362	297	704
278	445	720	681	157	513	525	585	479	525
220	187	514	418	773	917	339	972	61	19
965	420	953	905	248	566	483	968	32	848
315	188	395	832	768	689	773	786	785	786
761	477	926	817	535	265	357	859	386	607
152	190	408	979	886	382	247	460	138	256
526	976	211	687	729	88	514	419	154	361
853	594	159	208	536	805	764	740	735	518
819	976	960	506	683	77	874	348	378	605
33	813	56	210	962	788	209	186	522	30
434	765	990	961	709	368	216	117	820	101
145	23	410	412	307	400	387	863	564	897
87	146	251	686	318	224	50	242	974	826
203	55	227	82	971	39	417	686	989	103
565	466	94	597	184	868	947	612	30	642
91	1000	919	389	537	946	214	177	401	733
635	496	120	874	743	612	691	978	491	663
201	991	768	900	812	921	655	638	826	985
536	505	122	65	205	806	509	537	405	154
988	96	386	334	112	650	680	804	790	384
179	191	586	740	92	5	976	449	156	318
717	358	62	701	531	376	474	198	900	489
581	946	915	72	956	962	537	768	583	525
588	687	429	945	925	759	99	448	291	950
862	447	633	680	225	591	737	159	207	446
363	745	546	284	662	800	702	317	28	634
84	246	648	856	663	297	963	778	305	354
821	359	349	172	754	420	999	481	856	408
614	67	210	742	540	194	258	76	728	911
165	803	120	838	148	876	849	619	768	1000
747	144	163	209	783	101	89	123	874	184
636	892	886	575	102	205	317	87	901	695
342	773	42	901	665	638	295	919	802	302
136	859	810	751	329	490	526	622	524	168
205	507	28	447	653	566	484	380	755	495
372	63	444	131	608	60	402	465	194	24
523	893	810	217	169	648	724	200	628	713
147	251	475	426	836	162	26	656	685	381
245	834	449	479	764	951	869	126	767	52
523	183	695	824	342	906	746	616	595	740
915	709	712	823	413	820	149	241	81	285
58	840	589	642	937	516	65	16	234	406
691	800	648	800	481	891	119	810	373	176
397	77	299	456	992	834	647	307	877	299
550	227	872	632	79	115	135	954	904	829
537	929	430	195	416	964	810	839	375	207
27	470	170	241	711	697	387	154	749	608
655	177	491	421	662	332	894	444	144	147
523	901	221	207	991	63	127	734	916	738
597	320	954	323	565	811	460	912	361	838
309	625	638	412	905	387	10	606	922	895
166	237	989	87	262	758	365	377	616	445
239	485	19	293	88	49	823	301	31	824
9	707	711	578	186	326	872	106	612	662
450	180	363	92	19	694	908	319	744	789
59	962	379	630	902	647	649	937	70	454
670	385	135	155	1000	467	348	417	338	630
938	981	73	41	289	63	621	55	478	367
140	230	561	938	7	936	294	586	154	725
591	23	235	951	721	996	476	725	309	19
815	95	431	704	674	646	553	290	616	315
347	221	975	776	795	404	596	194	177	416
586	479	114	535	18	991	701	447	415	325
477	456	887	386	125	329	728	64	272	602
740	241	250	470	203	162	640	846	690	305
854	302	494	361	319	131	231	777	325	847
299	947	563	26	937	52	124	792	325	462
661	486	379	362	744	740	977	157	527	395
28	166	269	487	566	634	150	379	676	963
910	514	637	373	175	70	362	245	637	113
756	576	179	32	975	894	696	757	849	786
361	193	694	518	82	549	696	898	362	128
747	85	392	52	595	247	785	408	129	109
153	561	306	243	547	920	283	201	429	710
91	404	400	106	532	105	422	772	285	391
607	253	817	40	755	707	791	458	765	535
503	5	861	932	58	867	267	336	654	383
830	827	727	624	508	666	467	262	814	130
786	834	638	882	347	399	70	403	27	220
383	895	939	261	571	487	934	827	272	647
167	753	32	594	454	20	684	51	862	527
412	122	584	95	154	12	373	781	681	252
663	281	411	219	106	401	64	286	144	124
728	1000	92	640	327	351	338	936	31	537
812	778	445	342	772	366	693	135	301	985
489	17	505	859	580	912	603	950	914	157
688	823	764	435	460	128	912	243	919	514
664	249	773	449	878	288	608	198	864	500
482	915	496	425	132	754	454	868	102	873
778	84	940	402	86	647	39	478	571	248
885	693	330	234	979	385	893	849	394	58
593	234	437	936	151	206	100	345	188	757
29	695	926	46	916	354	212	105	910	785
931	619	354	515	899	398	19	339	464	207
606	276	783	498	875	312	315	472	7	562
649	582	385	425	565	946	42	628	258	748
783	501	285	743	757	193	744	362	588	785
496	388	588	18	643	284	830	458	186	343
149	259	256	613	206	556	598	224	426	634
949	520	240	120	686	358	170	683	960	603
88	979	752	974	791	735	667	429	93	430
605	885	386	903	205	895	393	588	264	41
549	748	986	295	901	444	899	969	692	207
507	674	540	632	268	994	355	291	668	130
662	874	659	120	227	248	150	395	627	810
185	747	480	766	256	246	135	349	805	304
198	75	412	501	606	15	525	696	260	99
362	983	954	608	755	750	927	327	374	102
608	992	596	784	332	2	242	264	167	235
841	200	127	185	544	533	214	290	481	699
701	122	349	459	572	912	61	125	157	406
554	624	464	900	294	941	655	467	902	951
391	489	743	596	726	167	637	37	248	168
613	594	972	834	695	853	477	1000	289	344
593	796	684	704	205	500	681	426	418	901
355	395	201	866	192	550	404	387	688	218
492	809	740	205	476	40	262	190	355	444
608	267	16	91	254	471	838	958	262	584
599	777	561	423	264	626	198	36	425	111
711	474	857	644	578	42	457	864	382	746
354	518	983	717	606	617	397	334	617	654
3	673	11	779	426	447	618	99	668	156
70	36	538	581	868	265	521	488	610	531
661	244	819	483	948	993	94	258	601	62
3	834	343	564	102	45	527	886	808	322
515	533	812	631	985	847	892	618	818	266
368	825	659	541	769	357	719	815	100	277
178	591	749	424	943	775	41	523	930	807
557	497	122	920	748	146	190	195	952	139
353	982	544	338	270	193	49	909	156	296
506	1	979	339	732	60	165	109	322	602
491	951	557	833	487	374	569	891	966	452
88	570	154	755	93	710	960	707	706	237
210	180	518	473	480	321	864	889	284	574
764	713	953	76	552	260	689	213	992	845
846	356	829	832	231	957	254	857	545	359
39	443	102	167	733	164	850	187	711	473
620	512	799	888	74	933	341	887	227	602
160	595	697	385	417	252	347	857	165	540
680	400	482	302	583	354	692	909	708	237
650	845	576	713	798	685	73	448	58	235
251	404	167	371	798	904	749	19	304	533
109	148	894	849	579	425	718	237	7	266
539	234	397	854	514	111	316	273	262	431
891	560	768	277	759	211	527	196	264	987
628	27	229	164	462	173	383	640	561	765
642	867	873	947	787	205	866	416	730	407
366	67	286	856	904	840	427	261	396	395
913	65	943	683	435	196	479	483	345	520
130	68	886	858	581	45	332	354	773	411
49	492	25	71	643	662	386	654	984	567
854	655	227	674	246	40	172	225	570	869
68	208	764	408	433	607	728	582	105	122
334	433	531	410	460	129	168	152	277	722
815	344	309	903	656	957	750	325	173	599
319	249	354	970	716	149	752	32	562	888
822	696	65	897	563	670	816	179	648	986
615	344	100	280	994	774	970	132	394	83
968	531	919	598	442	633	342	319	459	391
778	658	682	312	773	594	652	975	342	422
91	856	934	38	269	841	855	420	811	160
827	184	504	348	274	554	864	850	952	166
239	426	540	378	999	973	879	302	579	46
499	697	981	148	664	70	897	678	914	834
474	384	133	499	116	290	226	91	962	700
723	609	711	95	74	897	443	648	352	934
953	153	404	801	851	442	98	603	568	594
794	946	416	692	529	758	827	595	862	77
799	877	190	354	433	824	80	733	127	506
933	472	944	998	317	794	619	538	821	555
404	906	701	244	808	493	853	788	984	1000
842	29	950	167	201	98	232	28	110	417
831	772	339	168	169	898	329	689	64	162
976	947	120	951	940	436	758	551	693	59
136	529	621	606	316	166	370	896	595	246
512	751	360	444	789	107	88	664	69	172
678	81	864	696	23	954	866	605	872	190
369	226	120	106	841	694	698	253	85	13
263	355	773	766	835	280	940	370	653	334
634	904	334	672	906	287	990	693	525	885
998	873	206	736	640	103	319	683	404	944
151	471	557	927	153	508	229	758	830	454
594	812	72	733	919	372	612	201	100	904
170	366	710	498	112	304	95	884	693	967
199	676	790	318	550	116	479	857	404	793
867	389	216	919	67	927	120	217	748	21
783	648	114	529	87	949	720	693	281	96
898	1000	406	314	599	368	376	747	138	403
476	522	986	181	437	113	347	925	363	671
914	547	520	218	582	926	769	1000	667	680
203	985	769	188	33	695	418	807	304	143
729	692	386	440	709	743	316	410	3	948
857	655	88	772	529	850	907	390	808	440
622	592	782	848	296	170	452	845	716	527
299	435	720	859	428	764	189	289	549	331
146	485	902	695	434	775	909	63	400	848
968	199	303	1000	726	748	506	948	565	711
740	655	870	127	852	219	426	531	855	927
473	30	43	229	466	751	450	608	48	834
514	723	906	275	192	240	742	16	907	941
676	883	164	696	337	670	110	493	651	738
364	842	949	861	166	617	950	623	121	278
936	442	890	751	291	619	47	990	837	77
348	381	924	892	546	992	339	840	23	307
374	280	322	760	581	764	877	840	811	477
882	197	638	528	435	412	786	326	498	758
331	995	646	599	709	517	136	144	522	137
361	10	410	636	908	546	563	402	470	315
902	528	798	805	244	424	876	855	701	302
760	383	701	543	126	541	21	105	744	546
91	116	244	203	584	944	877	133	246	123
831	910	536	689	607	626	316	304	536	570
640	853	590	480	58	789	22	192	392	298
657	991	815	984	897	405	905	25	55	719
505	352	415	629	503	650	639	192	174	832
108	739	885	394	237	435	707	500	288	261
926	894	686	622	205	596	982	212	301	909
9	225	935	749	109	349	58	416	509	956
996	735	960	329	952	286	192	481	292	887
500	721	407	688	502	197	556	721	516	190
124	449	157	945	773	525	926	236	959	857
49	816	91	565	427	178	383	996	671	192
989	745	62	280	481	564	867	3	927	694
600	914	559	658	718	60	613	953	300	143
844	259	162	546	910	909	518	507	975	101
855	813	532	423	824	960	375	664	918	410
465	774	124	111	373	649	94	204	991	735
118	281	518	946	63	701	915	409	243	239
454	702	664	684	376	281	604	10	803	511
703	124	538	156	597	405	459	210	695	679
215	969	830	34	428	122	990	197	222	398
469	573	709	107	337	676	237	522	723	63
679	266	415	792	675	681	553	536	440	381
699	743	36	716	822	15	801	898	175	220
97	397	606	5	836	84	806	577	756	194
96	718	462	960	149	860	969	151	313	796
209	829	257	265	190	249	981	186	909	195
357	604	380	132	184	802	62	39	193	675
785	608	67	873	633	55	132	728	632	963
124	201	133	388	263	153	395	709	471	33
436	67	261	829	518	335	324	177	551	829
759	240	484	770	257	544	909	366	137	586
196	541	885	82	902	538	506	115	299	476
95	165	223	273	958	777	91	644	325	139
424	150	366	347	315	116	415	470	700	598
706	276	739	874	832	926	337	504	410	22
9	691	297	39	29	936	522	436	826	140
914	747	828	487	748	185	617	97	426	28
414	387	969	290	182	74	987	525	73	571
913	847	275	756	186	846	426	306	275	362
50	923	582	747	403	181	606	647	165	116
470	500	871	686	638	916	815	257	635	552
194	36	147	860	32	803	279	287	699	465
15	798	19	799	351	879	403	865	408	824
819	299	731	310	37	938	257	340	781	443
169	819	941	87	355	812	754	869	475	213
473	638	27	575	239	101	576	565	524	698
662	189	436	592	167	468	963	694	846	592
428	848	295	74	62	145	169	476	204	643
16	390	181	911	457	942	902	273	436	962
588	962	590	196	747	672	93	640	243	117
941	277	663	2	70	501	764	959	988	984
233	739	41	289	933	274	369	916	250	58
358	410	111	348	700	431	16	695	770	323
442	893	456	484	211	594	413	255	879	539
801	319	272	792	610	761	37	339	282	349
213	845	373	418	48	376	745	62	925	831
320	398	259	735	234	709	332	184	225	408
721	790	397	589	192	543	123	975	389	152
180	458	829	731	456	559	970	566	494	236
474	891	418	82	63	695	225	877	145	993
675	215	561	512	460	818	809	352	699	391
136	643	154	362	235	791	145	689	391	500
9	937	762	718	645	677	277	447	162	969
519	296	203	832	77	997	571	640	753	862
714	172	22	519	410	500	988	362	392	777
513	202	572	637	29	641	288	570	574	113
308	690	830	338	952	399	160	117	192	9
218	414	335	518	340	956	168	631	700	305
149	886	496	65	980	409	454	16	738	722
586	561	553	901	276	545	802	275	745	522
371	438	314	159	790	135	803	867	950	286
531	466	482	975	539	17	484	150	104	885
594	475	79	860	759	987	799	438	414	363
439	709	571	222	810	469	125	659	629	869
9	137	297	853	692	689	134	871	398	218
406	67	634	872	270	349	484	780	781	342
107	142	631	262	806	844	38	908	485	654
597	452	123	234	20	582	895	629	372	94
614	369	179	721	296	751	171	287	422	667
927	181	816	837	883	568	42	586	441	196
65	915	595	283	30	383	914	85	411	32
617	326	71	375	148	868	47	148	878	313
611	376	558	394	465	28	875	665	464	727
58	190	209	467	144	773	363	215	685	498
897	542	310	282	326	420	959	517	483	609
485	816	793	587	511	419	676	527	78	240
513	431	891	260	255	68	19	833	54	847
1	833	883	421	844	525	985	279	95	215
626	364	736	84	910	677	360	202	864	398
69	422	155	456	656	12	462	641	359	495
790	550	358	461	769	955	566	892	554	633
473	718	398	627	76	27	413	41	9	688
366	364	108	699	712	441	300	660	173	398
536	628	360	38	494	468	405	110	833	344
162	958	171	214	890	514	162	964	939	597
626	304	579	644	817	214	748	893	639	196
284	495	536	183	220	120	560	520	285	580
551	78	982	333	939	487	297	503	530	101
852	131	392	629	745	818	957	425	595	462
3	445	250	80	307	310	460	846	528	789
946	244	365	749	664	65	847	419	57	752
101	552	484	206	357	90	133	887	33	527
857	374	835	496	368	846	343	873	869	584
287	393	883	679	256	304	897	12	355	573
900	418	751	386	364	869	347	24	674	310
991	703	312	262	75	568	94	355	688	249
27	246	877	140	569	459	675	663	685	278
720	296	465	579	603	667	633	199	26	199
988	573	360	877	254	140	214	101	387	482
419	436	775	924	471	610	858	878	760	294
91	379	840	970	631	985	119	832	208	519
773	36	43	994	270	203	833	174	317	747
90	867	300	923	806	118	455	20	856	617
990	640	424	517	908	611	244	168	261	243
415	75	413	285	451	244	190	117	747	62
842	774	882	787	539	138	212	714	7	655
847	119	653	400	604	958	16	244	362	463
665	915	252	839	537	661	356	269	610	49
728	270	352	64	354	895	910	304	653	296
839	788	124	481	495	938	831	772	904	687
714	540	183	561	770	193	415	168	985	104
733	922	981	637	932	760	520	966	699	625
430	78	996	382	832	666	136	576	479	520
956	436	30	471	266	420	190	303	643	42
360	765	804	647	810	772	739	766	621	886
44	140	652	461	742	298	783	994	962	405
8	862	613	113	649	494	830	381	127	80
869	95	348	592	873	928	173	878	360	664
697	359	44	348	664	460	605	491	223	654
331	214	155	846	628	954	42	879	53	556
808	207	482	339	605	538	593	350	926	174
295	573	836	900	880	866	294	497	234	592
72	455	204	909	523	871	849	895	939	897
418	765	168	404	392	763	238	570	381	578
530	163	33	978	706	55	498	915	435	477
840	179	900	867	653	56	573	931	945	201
732	312	849	536	110	120	148	279	455	650
129	274	517	931	380	348	772	582	83	229
218	404	998	59	120	681	724	185	932	780
507	448	590	251	132	785	269	412	369	125
332	134	316	767	202	598	993	724	439	775
590	396	331	155	571	347	493	102	70	454
653	640	186	469	177	636	360	38	597	283
62	543	639	324	30	952	648	247	551	547
312	36	205	881	797	524	430	674	713	412
739	551	488	373	6	836	67	702	242	310
133	772	300	621	307	368	315	384	936	752
144	695	477	854	701	963	237	659	971	851
444	3	38	540	167	781	345	352	790	958
619	562	401	380	68	341	16	475	604	903
288	896	841	630	529	383	997	578	357	436
300	881	637	794	897	70	208	223	310	518
885	985	302	804	897	432	73	228	580	18
502	877	293	631	905	847	234	351	529	811
748	10	810	697	226	888	904	463	601	40
809	995	541	937	78	529	339	766	95	547
712	537	587	936	733	964	579	321	970	136
451	246	236	420	764	655	817	936	82	942
41	384	556	68	439	431	488	820	950	825
353	996	932	506	25	368	734	196	61	238
857	527	70	837	537	856	743	860	82	372
102	333	674	843	551	811	495	252	73	325
391	125	792	237	537	447	574	498	245	599
917	296	262	446	797	891	67	303	317	396
733	328	285	108	129	290	709	954	582	283
180	528	312	696	90	472	324	872	806	777
409	659	423	383	498	44	505	306	626	291
943	514	908	861	390	899	435	184	322	547
569	115	674	761	268	500	758	976	251	42
253	487	333	708	698	414	598	984	723	984
643	969	472	302	840	54	655	965	502	237
174	942	500	915	806	664	599	180	103	793
452	660	711	568	136	605	369	890	961	91
240	337	989	903	804	978	752	315	590	755
664	955	413	171	19	532	258	1	313	527
795	575	828	319	945	490	485	82	416	345
144	833	601	107	589	716	295	278	374	880
981	610	461	987	463	842	872	851	983	775
917	775	228	284	852	782	217	710	186	731
808	253	735	130	24	626	196	556	148	467
917	739	971	152	796	949	724	265	961	807
495	403	252	876	138	736	965	594	875	416
214	144	827	256	152	910	912	948	9	993
36	938	823	261	838	294	605	274	27	73
233	272	231	823	243	647	795	992	636	273
218	582	46	870	331	117	848	909	316	270
521	340	869	309	335	533	134	1000	880	398
334	548	452	910	78	49	828	537	4	641
990	505	66	1000	613	764	673	433	102	717
544	340	816	305	309	763	255	510	206	16
856	365	881	181	754	944	182	895	367	247
763	915	785	978	59	38	585	52	100	640
917	260	435	586	711	448	824	492	142	663
995	805	288	348	822	821	497	765	608	712
162	220	278	901	29	444	980	346	297	678
469	692	670	83	810	424	152	438	887	947
927	732	188	906	623	692	939	153	333	23
604	919	145	104	555	649	447	617	672	652
423	204	525	123	85	223	154	813	965	63
828	444	364	366	604	2	296	712	703	413
576	857	4	240	990	838	300	498	235	750
679	853	127	292	177	273	945	882	182	375
251	520	832	228	833	791	280	439	102	307
686	180	24	558	326	67	265	730	699	959
689	732	384	730	860	129	378	577	938	355
553	277	331	851	17	151	481	131	379	525
13	269	533	401	75	932	924	531	1	910
697	8	129	730	710	952	891	635	36	331
711	933	786	748	77	298	271	179	867	574
97	260	37	987	896	705	588	347	451	560
54	827	988	707	314	822	838	408	255	440
387	913	460	634	608	436	138	870	618	444
336	910	353	133	798	148	682	992	331	552
598	332	833	867	479	752	935	112	353	917
51	280	259	94	180	625	143	785	588	797
392	889	393	814	662	369	503	600	566	778
205	865	278	281	244	253	537	26	986	106
117	18	38	755	463	160	440	558	562	421
849	444	689	686	549	90	704	360	282	148
830	540	634	863	408	245	554	89	337	950
747	626	735	25	512	144	27	961	900	119
462	34	994	356	557	44	255	580	362	389
532	947	527	864	284	404	383	81	177	493
718	780	652	428	805	263	746	390	643	421
511	500	365	553	836	205	686	176	732	830
221	106	396	713	758	142	480	678	415	805
731	968	312	37	647	646	489	884	855	377
239	766	177	552	855	479	905	321	706	489
326	629	379	784	104	160	988	653	80	347
867	219	547	771	941	768	530	658	736	684
271	646	12	175	91	657	874	838	906	161
45	137	289	910	422	356	337	115	223	686
457	386	589	789	104	830	313	239	729	197
638	839	140	394	421	12	691	160	520	468
771	683	657	496	563	941	576	656	725	96
417	263	437	879	531	858	925	770	419	881
805	486	963	348	385	399	873	240	587	8
742	266	602	822	86	943	4	157	441	637
191	838	56	455	324	753	787	843	194	72
128	470	723	387	614	778	462	219	707	326
464	291	958	123	652	177	86	439	101	537
565	316	661	7	59	166	341	18	909	778
363	334	886	607	590	839	2	419	316	638
860	381	455	599	748	388	292	985	31	532
229	892	458	135	25	881	439	358	814	967
612	793	900	72	54	376	539	9	457	480
785	156	315	693	388	652	412	244	893	929
30	431	273	964	525	796	477	146	956	206
16	265	216	451	742	851	617	219	762	792
689	906	91	184	597	594	937	104	673	318
878	377	392	593	943	629	617	794	182	501
164	472	75	99	121	330	203	855	792	228
421	704	194	349	962	436	811	367	498	909
615	845	790	153	239	599	96	695	52	191
509	408	393	235	830	768	437	302	103	166
739	890	9	749	369	592	178	888	731	26
923	700	644	343	643	612	579	245	339	585
553	562	237	783	579	458	773	228	863	879
854	322	148	600	180	456	812	286	26	106
808	954	492	501	313	296	439	487	115	32
500	759	604	798	166	454	708	261	886	195
94	882	487	926	98	404	174	360	814	304
514	406	925	486	885	12	397	958	558	332
319	939	711	288	199	332	458	167	18	578
705	642	908	135	810	794	89	584	571	293
691	616	813	266	634	513	692	142	42	628
781	423	664	217	87	4	327	782	892	461
532	628	42	815	878	755	439	262	611	259
25	82	23	609	837	166	305	655	551	114
206	944	438	977	856	818	154	929	791	486
632	938	16	260	390	279	210	875	327	636
927	265	746	615	947	625	902	600	19	590
730	803	860	34	813	271	195	774	980	880
142	914	877	913	555	839	629	295	275	434
680	780	5	679	950	639	408	778	268	934
942	947	40	182	816	20	629	391	334	633
302	455	855	722	97	78	679	945	968	358
68	641	198	602	21	772	345	933	248	740
682	191	694	996	921	751	384	881	628	266
602	271	472	269	279	676	517	217	547	744
876	360	398	668	752	633	632	402	461	976
401	168	582	486	629	417	655	138	162	968
721	659	557	169	350	978	307	662	307	132
417	928	810	457	321	318	898	420	639	248
580	103	642	67	110	41	639	438	730	971
666	668	491	253	426	60	923	775	776	625
749	266	616	914	392	158	245	675	825	722
538	322	92	481	201	629	65	595	996	46
924	963	99	424	494	869	766	319	356	724
640	496	444	921	368	548	354	912	833	203
24	832	675	562	662	149	276	135	539	247
953	868	296	575	603	996	882	819	252	725
110	168	967	277	469	564	444	434	820	5
93	718	54	627	68	137	124	493	838	772
379	901	185	107	808	698	786	872	590	70
170	609	871	803	572	874	943	827	960	467
645	742	186	152	559	968	938	365	329	743
571	802	531	338	764	689	355	318	54	549
415	104	99	511	598	753	217	859	763	69
156	684	972	680	96	189	664	814	546	965
62	520	896	971	711	831	824	537	423	173
4	672	320	412	75	638	944	514	788	195
485	741	214	369	45	374	194	844	605	903
166	749	155	122	924	391	80	96	76	311
710	609	326	148	629	919	305	984	692	132
187	822	259	602	921	598	206	38	101	336
514	556	201	752	880	710	587	656	153	16
349	225	934	950	2	950	280	366	846	921
102	713	815	610	515	197	343	134	990	549
858	120	590	514	651	345	636	297	827	345
503	31	497	772	607	265	652	108	414	146
562	480	866	508	152	641	131	659	5	765
158	128	556	537	72	623	231	405	665	355
164	987	355	249	977	709	434	607	968	447
56	427	880	925	13	769	153	690	470	559
549	965	585	833	674	537	603	805	600	47
796	731	547	905	96	471	137	427	878	913
868	541	316	918	747	936	339	221	38	641
581	58	433	72	370	86	930	753	18	354
807	873	30	225	165	114	825	989	90	251
315	693	232	112	15	939	187	243	148	493
502	923	32	767	239	564	381	217	245	214
263	558	149	112	169	828	700	2	843	817
446	624	902	715	179	282	177	712	41	515
514	52	48	486	74	147	353	463	738	426
571	762	852	260	711	939	412	278	826	957
46	377	533	123	17	585	368	605	492	39
1	711	59	212	900	919	176	206	262	220
687	77	648	225	275	702	529	910	51	706
806	158	324	953	859	169	290	24	919	37
315	846	516	518	224	708	594	182	451	78
491	856	741	492	133	72	531	412	44	329
718	572	548	716	462	894	103	612	130	852
87	682	735	321	832	680	657	161	910	726
809	125	180	692	718	638	844	38	840	150
658	2	364	858	820	594	796	750	61	548
734	884	876	497	567	306	684	396	828	951
658	319	833	393	25	885	898	786	686	331
471	797	504	83	993	759	215	565	493	861
478	972	145	62	667	363	760	619	545	263
862	957	653	411	568	794	210	448	301	375
244	408	27	764	731	955	138	653	545	803
666	198	114	464	353	406	602	830	658	855
315	226	614	483	453	994	927	767	166	727
519	980	230	986	973	436	406	631	584	270
900	48	849	437	160	877	593	13	336	824
351	438	102	491	590	669	552	692	516	405
499	8	283	817	869	322	415	954	737	209
222	399	750	566	447	205	456	140	118	391
753	813	940	924	303	584	660	550	139	208
78	873	502	825	387	461	13	570	771	538
355	786	168	591	34	913	951	703	458	733
824	648	358	153	675	741	623	285	746	494
318	495	712	575	41	149	727	140	728	558
968	441	224	919	995	897	523	964	157	902
627	505	879	402	525	58	698	398	561	627
357	767	62	248	292	5	308	469	945	351
143	478	569	195	530	700	866	777	986	283
921	570	762	156	462	373	407	173	418	339
670	532	445	50	561	200	118	110	962	682
651	960	231	825	480	182	583	511	581	884
186	936	727	452	903	35	617	616	107	101
187	216	383	223	678	115	925	311	373	136
249	779	407	948	562	972	826	897	874	294
490	476	178	996	456	373	117	409	388	856
946	334	141	471	130	606	906	994	180	904
172	652	213	716	284	510	639	173	31	474
193	946	146	26	162	483	987	219	482	859
54	424	625	947	728	215	382	81	556	902
520	540	504	278	998	78	367	930	832	160
996	646	715	237	118	593	802	396	245	463
634	950	735	685	415	453	961	862	845	779
969	176	808	980	867	362	37	816	310	439
948	63	717	550	532	705	349	254	273	983
396	847	309	327	416	490	115	674	146	197
692	197	476	73	505	700	347	957	699	363
528	210	959	706	824	3	889	92	435	592
311	193	375	876	100	154	561	664	439	902
802	623	987	414	763	711	135	496	903	120
698	497	481	312	519	28	391	442	478	856
8	833	839	419	690	970	379	592	437	809
966	502	900	693	41	452	859	391	14	12
864	214	880	341	290	98	361	803	669	146
765	352	310	516	438	891	674	766	88	493
324	101	105	781	56	567	970	282	339	52
148	749	545	328	507	428	655	811	752	46
545	957	292	241	478	515	943	492	986	692
323	74	607	772	479	345	589	623	47	142
925	798	339	206	966	644	849	826	601	133
503	897	523	514	11	606	272	618	81	655
389	212	992	166	279	7	149	482	104	537
575	747	440	755	554	190	759	161	113	665
226	596	797	239	427	34	747	258	554	635
593	782	581	859	736	62	144	580	115	973
235	253	849	799	357	833	375	322	264	763
265	640	858	147	580	330	259	130	459	575
229	192	489	146	675	183	473	573	404	442
22	112	827	345	835	890	405	757	95	146
394	62	601	763	113	942	26	182	979	192
338	203	442	513	240	457	467	110	42	955
375	673	205	606	495	605	541	269	467	393
70	135	348	887	951	594	663	302	562	518
216	437	535	959	486	260	993	655	381	679
898	969	820	277	976	419	354	631	226	116
239	63	212	410	477	698	907	728	593	994
981	341	286	545	99	795	963	72	502	974
544	375	621	621	633	302	154	258	525	836
363	565	401	350	299	722	72	330	830	364
239	325	79	866	659	713	443	700	251	730
159	859	523	21	240	592	300	39	140	42
167	848	280	127	229	637	634	945	636	723
930	83	22	660	998	7	83	744	932	275
378	486	402	167	808	89	464	226	466	633
159	686	46	863	324	211	685	981	910	270
329	431	143	463	907	248	808	817	981	144
778	573	476	867	121	214	788	454	368	388
570	462	98	303	817	345	342	381	24	515
96	985	616	9	270	76	145	33	564	957
576	387	572	521	672	808	291	891	813	3
589	405	291	933	357	679	819	134	464	340
793	721	532	697	266	780	91	902	183	137
826	44	841	370	626	423	506	285	631	856
49	288	129	325	723	871	788	583	742	344
86	572	706	890	268	822	393	624	690	765
215	909	679	602	847	932	276	699	176	533
557	32	383	26	839	138	436	974	249	917
908	97	136	911	145	423	567	714	686	649
66	676	213	877	405	980	931	500	779	844
986	501	962	496	500	437	970	448	727	330
513	350	719	245	466	347	667	575	107	319
571	139	345	822	525	414	50	38	613	672
658	71	167	847	192	799	707	170	833	30
378	189	484	831	627	54	848	564	166	571
339	726	897	195	268	417	644	901	498	696
517	381	33	792	5	880	218	790	897	924
342	336	973	794	829	645	303	762	24	15
589	416	565	177	209	785	426	511	205	447
358	759	9	701	165	990	634	208	571	256
395	329	120	630	835	359	102	765	671	695
829	219	509	715	686	473	277	685	265	794
754	134	468	996	534	429	217	306	451	54
228	818	284	97	560	499	247	509	197	170
149	762	196	904	227	378	744	258	608	845
886	249	650	624	182	626	449	236	744	167
240	876	395	915	19	438	702	540	105	230
702	371	85	606	956	583	13	93	162	885
934	375	290	349	80	800	113	131	287	196
678	386	974	606	873	228	859	733	685	875
627	310	322	542	847	656	366	520	359	457
71	282	286	277	706	238	350	986	302	340
370	254	946	390	98	890	432	14	415	442
378	279	828	899	654	671	194	294	354	603
655	443	424	429	495	765	552	505	746	875
577	896	256	50	19	671	597	18	27	801
294	467	725	873	621	593	851	335	374	690
827	841	652	132	824	86	597	221	790	845
15	862	968	594	582	227	893	451	233	831
4	170	818	642	30	277	997	698	469	684
600	123	783	709	971	505	928	500	574	594
651	582	508	546	568	946	915	247	212	191
853	633	734	639	683	905	366	189	85	295
983	928	422	552	941	857	404	936	673	809
434	610	851	476	143	771	874	764	623	595
624	653	712	916	908	137	450	571	605	461
129	666	391	576	910	528	981	852	462	9
912	768	713	286	357	836	625	68	247	93
558	571	296	506	104	975	835	722	804	724
489	502	704	192	655	744	141	35	438	675
336	649	589	987	982	532	206	612	341	735
54	502	198	424	724	462	82	982	71	457
683	301	625	102	321	481	648	461	450	541
586	811	930	708	309	832	926	946	247	792
525	294	932	470	655	924	10	394	538	639
67	636	854	53	377	32	582	226	619	958
146	122	202	975	254	497	691	596	876	905
638	626	125	249	410	240	627	248	319	754
261	348	776	933	942	52	764	556	72	666
669	181	580	340	668	48	777	857	485	254
230	624	553	205	122	676	520	612	137	798
14	82	547	765	96	861	857	715	343	395
104	313	705	246	787	432	904	944	648	152
943	20	209	953	739	302	355	946	457	771
822	72	845	93	682	421	833	554	87	417
471	104	664	71	248	148	1	594	906	656
138	694	53	491	466	741	785	672	268	523
667	527	400	343	849	285	432	336	832	770
694	323	663	32	964	486	92	356	980	466
30	441	396	983	269	884	774	145	904	66
42	307	100	441	495	257	618	764	162	606
179	772	28	936	671	330	636	999	366	838
143	481	730	380	590	448	320	406	224	945
134	268	3	958	310	452	428	858	293	236
130	605	237	981	559	455	760	18	791	675
731	195	33	982	70	663	843	703	512	138
701	800	699	447	355	981	139	576	930	287
971	268	724	199	634	864	479	317	724	899
797	961	53	736	205	70	740	540	16	356
664	98	33	636	390	600	24	33	863	428
575	274	439	917	275	497	157	546	875	268
411	579	234	584	593	673	255	207	8	546
273	691	40	719	946	654	220	202	847	833
851	531	598	218	366	951	107	236	9	432
593	243	155	473	204	257	108	120	68	437
746	830	622	650	801	442	841	350	831	624
533	704	984	802	111	44	495	647	562	21
672	323	414	625	978	957	433	734	227	54
380	501	483	984	574	145	72	54	50	731
471	4	600	426	95	88	434	668	380	32
350	671	143	937	237	729	142	467	280	74
318	986	464	896	126	144	849	667	850	145
491	155	569	957	22	107	944	763	440	482
567	608	876	112	753	827	333	170	350	255
210	223	989	206	604	114	167	664	410	587
940	849	950	305	503	800	991	525	402	761
292	513	719	103	95	15	122	543	636	480
229	60	182	230	568	517	477	391	676	528
492	462	792	909	647	846	288	855	552	470
553	969	258	229	865	279	704	678	143	988
424	998	182	738	213	559	792	736	313	793
745	663	631	801	659	404	683	958	395	861
14	284	341	889	451	320	146	202	954	586
92	490	245	192	577	171	191	562	838	717
927	259	761	898	208	161	470	94	570	149
499	219	957	387	929	350	71	149	877	683
294	576	28	700	94	383	873	552	439	243
246	972	622	304	532	119	806	840	384	553
736	845	964	989	950	680	857	392	1000	112
34	899	748	238	875	992	461	348	620	560
639	124	160	497	838	993	282	419	794	183
148	125	562	991	108	796	360	717	852	211
911	963	67	689	201	930	475	887	449	693
855	730	581	459	402	851	640	880	624	338
982	557	405	734	721	199	850	938	502	804
83	154	263	708	697	259	718	215	83	346
146	779	336	788	742	447	264	122	860	671
550	868	748	902	973	813	199	307	88	213
760	96	146	71	244	305	513	258	844	926
835	322	576	372	311	727	939	404	166	503
592	146	261	359	85	965	382	994	451	735
840	950	925	509	838	456	491	535	751	499
855	981	1000	336	439	713	295	102	481	961
871	195	912	3	599	763	338	11	694	138
535	666	824	957	723	465	338	242	686	259
935	148	523	185	325	499	33	970	27	844
558	456	959	395	795	135	59	52	962	422
816	22	494	385	242	333	504	21	968	64
941	75	617	597	354	569	554	327	109	333
258	973	208	642	324	330	157	488	373	179
368	7	669	912	891	767	445	306	844	229
918	234	806	8	552	267	24	910	809	473
713	409	457	105	746	321	924	621	139	626
673	84	867	122	826	31	316	8	469	699
43	422	765	215	873	868	390	667	929	558
327	84	915	634	217	272	143	135	718	96
90	975	889	78	61	2	833	35	249	768
507	652	667	39	294	484	533	927	12	377
836	904	47	238	411	328	231	562	243	301
51	936	717	543	603	625	333	29	772	592
972	183	932	45	798	297	892	325	287	392
417	92	476	809	37	126	241	673	134	515
259	750	829	211	907	758	657	755	756	158
460	936	206	147	134	750	878	378	631	589
848	888	132	405	114	227	811	538	509	15
117	894	197	46	899	506	188	915	689	218
803	677	869	410	326	435	393	369	348	150
265	690	148	238	870	51	249	2	222	353
147	681	131	644	62	766	979	126	769	453
109	348	806	465	791	768	532	954	801	612
754	502	810	915	649	574	542	743	886	703
892	323	601	735	386	757	674	364	796	501
795	409	498	450	121	430	317	632	396	218
334	260	535	34	750	574	209	16	922	197
561	13	628	680	395	649	840	205	480	215
845	628	176	385	250	330	379	229	317	453
582	396	565	321	214	799	245	401	707	522
759	909	176	367	316	323	86	205	789	846
730	627	134	308	559	852	524	831	917	557
213	942	707	969	71	338	50	410	292	293
68	829	635	308	691	313	95	77	628	839
34	453	884	190	596	498	426	152	205	842
349	837	282	590	414	454	211	113	546	185
521	501	713	563	479	575	714	970	291	547
722	438	807	669	131	553	285	749	644	833
360	722	786	3	934	241	742	971	583	362
20	957	811	856	222	867	10	829	230	165
395	566	314	669	466	116	640	720	532	347
421	269	755	623	603	996	857	184	932	8
638	533	504	386	201	632	264	966	27	653
417	398	438	822	716	151	184	358	748	645
370	377	736	954	292	111	324	832	733	313
613	329	103	106	789	649	315	545	450	650
2	230	563	530	264	526	793	268	100	599
153	834	77	922	596	133	10	191	413	870
602	478	910	28	666	566	814	31	4	398
497	89	952	419	857	996	739	504	566	18
971	933	112	965	516	504	931	492	188	862
890	768	375	36	34	403	820	747	314	615
837	789	189	110	414	107	481	214	339	153
788	160	659	294	348	395	127	187	279	271
769	13	914	91	47	858	656	669	153	245
337	942	375	642	132	811	418	491	677	601
786	408	692	824	419	50	484	551	988	927
362	199	126	236	338	556	421	287	747	479
694	960	405	697	482	874	742	58	638	186
158	242	975	145	407	810	350	599	897	574
631	313	432	717	531	911	88	681	185	554
25	198	23	305	82	713	654	138	79	928
548	568	659	647	661	453	24	316	769	118
708	246	490	727	23	100	419	32	585	551
554	209	672	960	39	358	758	716	236	808
565	777	620	638	794	995	979	823	566	667
130	621	603	543	830	607	91	536	937	988
319	195	668	88	185	883	22	768	640	687
172	85	484	561	487	806	232	119	484	881
475	201	273	503	759	105	207	725	952	88
327	875	311	327	14	153	223	180	280	150
757	53	142	135	407	874	186	436	647	892
966	851	589	160	538	180	702	732	962	381
227	570	282	912	149	703	604	907	718	941
209	400	907	695	306	121	608	366	485	153
520	175	91	944	64	39	122	431	249	63
753	845	453	36	734	475	609	378	866	306
125	345	152	575	983	682	368	61	970	495
462	486	699	416	219	980	258	329	589	462
215	350	899	939	587	397	319	333	312	671
360	756	172	926	740	522	498	323	100	927
513	91	556	468	111	413	250	320	776	859
424	603	4	279	389	56	971	427	996	972
244	359	594	1	313	152	816	36	363	733
779	743	801	230	894	718	75	995	346	560
935	772	493	264	11	63	292	389	77	422
910	895	942	119	358	396	886	598	500	120
64	504	692	251	243	430	281	967	758	883
550	890	264	23	75	458	848	270	192	444
576	616	532	119	281	102	363	659	504	169
378	467	82	627	867	716	451	825	398	472
907	397	654	905	608	218	528	311	822	612
998	558	473	769	768	864	776	382	955	257
217	581	162	476	107	78	748	64	197	543
652	123	496	262	896	425	15	795	835	988
298	928	429	939	744	679	897	58	948	250
196	733	329	885	461	637	688	710	178	916
741	693	317	429	243	509	761	791	503	747
46	542	870	201	742	976	49	920	247	825
32	555	296	729	735	851	120	127	375	29
616	698	162	839	689	22	619	49	348	645
151	198	978	994	279	363	402	527	182	126
16	24	75	337	143	261	805	102	460	544
398	671	79	94	361	128	940	848	887	56
50	721	775	222	67	933	427	82	193	187
742	669	900	798	900	950	106	378	419	921
555	417	728	60	343	447	23	733	610	405
807	763	805	692	589	122	639	406	832	233
789	387	312	204	349	322	533	882	384	675
517	988	367	904	478	436	530	429	152	466
867	449	479	132	271	117	142	156	884	938
752	738	334	740	168	397	793	764	215	613
378	160	529	915	185	647	482	292	698	133
355	16	451	920	459	716	228	258	825	221
770	133	555	50	671	819	852	563	752	602
331	909	945	21	553	303	127	679	721	274
967	840	963	336	860	267	192	205	879	721
666	335	20	294	641	469	869	81	429	295
540	663	593	831	935	593	166	764	439	465
343	31	964	648	502	723	908	47	144	886
63	487	171	886	669	501	604	985	905	82
43	704	189	980	892	3	288	881	113	780
921	398	317	324	283	803	397	500	825	832
902	902	788	630	177	900	78	364	692	808
726	460	349	51	466	712	672	961	979	763
801	953	955	83	241	32	175	175	664	984
513	506	941	230	167	997	186	576	707	504
750	620	230	103	662	936	458	662	643	30
158	34	853	7	398	13	48	746	864	25
1	568	517	954	417	195	133	625	849	971
630	766	197	890	823	972	414	100	126	757
316	499	8	289	490	703	169	614	473	372
298	80	21	95	131	913	216	360	104	30
354	92	156	623	569	376	352	390	542	405
465	453	941	18	531	832	455	244	715	535
968	5	322	562	50	69	42	862	770	670
699	996	188	72	85	416	792	717	176	838
606	942	933	674	495	28	233	690	85	250
827	160	699	978	430	689	821	680	679	770
558	799	633	493	295	475	342	315	662	
